camera_matrix:
- - 1475.0192321829697
  - 0.0
  - 547.7048998732611
- - 0.0
  - 1468.7570612146435
  - 400.57575517641317
- - 0.0
  - 0.0
  - 1.0
dist_coeff:
- - 0.10244015170079135
  - 0.1639050497281228
  - -0.0018741992692820897
  - -0.025956534807338248
  - -0.5608818306169432
