%YAML:1.0
---
R: !!opencv-matrix
   rows: 3
   cols: 3
   dt: d
   data: [ 9.4731569074462985e-01, 5.5284016024902974e-02,
       3.1549430999810929e-01, -5.9495654610637910e-02,
       9.9822161142866572e-01, 3.7257964530663205e-03,
       -3.1472726153207081e-01, -2.2300045939779436e-02,
       9.4892015406967056e-01 ]
T: !!opencv-matrix
   rows: 3
   cols: 1
   dt: d
   data: [ -9.1625794734417738e+00, 3.5122288890362874e-01,
       1.1645413871522943e+00 ]
R1: !!opencv-matrix
   rows: 3
   cols: 3
   dt: d
   data: [ 9.8099103467933524e-01, 1.9681483765739458e-02,
       1.9305239981814845e-01, -2.1192765608002456e-02,
       9.9975877977427940e-01, 5.7661902611755899e-03,
       -1.9289234449467296e-01, -9.7478952098769642e-03,
       9.8117150487278504e-01 ]
R2: !!opencv-matrix
   rows: 3
   cols: 3
   dt: d
   data: [ 9.9130320476954836e-01, -3.7998947388972054e-02,
       -1.2599220694532171e-01, 3.7013641229112201e-02,
       9.9926318130031844e-01, -1.0153071482536819e-02,
       1.2628517956033161e-01, 5.4013419533548452e-03,
       9.9197927343695935e-01 ]
P1: !!opencv-matrix
   rows: 3
   cols: 4
   dt: d
   data: [ -1.1551725452414925e+05, 0., -2.3874734203338623e+04, 0., 0.,
       -1.1551725452414925e+05, 1.4804818508148193e+04, 0., 0., 0., 1.,
       0. ]
P2: !!opencv-matrix
   rows: 3
   cols: 4
   dt: d
   data: [ -1.1551725452414925e+05, 0., -2.3874734203338623e+04,
       1.0677217828397690e+06, 0., -1.1551725452414925e+05,
       1.4804818508148193e+04, 0., 0., 0., 1., 0. ]
Q: !!opencv-matrix
   rows: 4
   cols: 4
   dt: d
   data: [ 1., 0., 0., 2.3874734203338623e+04, 0., 1., 0.,
       -1.4804818508148193e+04, 0., 0., 0., -1.1551725452414925e+05, 0.,
       0., 1.0819040725844656e-01, 0. ]
