%YAML:1.0
---
R: !!opencv-matrix
   rows: 3
   cols: 3
   dt: d
   data: [ 9.4803796118726791e-01, 5.8800901484449643e-02,
       3.1267631527268636e-01, -6.0741440466964149e-02,
       9.9814725778909230e-01, -3.5396579091264138e-03,
       -3.1230514174103274e-01, -1.5636679722096990e-02,
       9.4985314269595489e-01 ]
T: !!opencv-matrix
   rows: 3
   cols: 1
   dt: d
   data: [ -2.4761998214662265e+02, 9.5859315400158991e+00,
       3.3240212063978717e+01 ]
R1: !!opencv-matrix
   rows: 3
   cols: 3
   dt: d
   data: [ 9.8276804529011585e-01, 2.2045296886234460e-02,
       1.8352376969167455e-01, -2.2798114574200577e-02,
       9.9973810296682297e-01, 1.9928492566232761e-03,
       -1.8343177240736308e-01, -6.1425044970094978e-03,
       9.8301325245898785e-01 ]
R2: !!opencv-matrix
   rows: 3
   cols: 3
   dt: d
   data: [ 9.9038123337938688e-01, -3.8339905444584765e-02,
       -1.3294759952863006e-01, 3.7795140405418738e-02,
       9.9926358229813828e-01, -6.6197019892221005e-03,
       1.3310349331125529e-01, 1.5312554299418246e-03,
       9.9110096121694335e-01 ]
P1: !!opencv-matrix
   rows: 3
   cols: 4
   dt: d
   data: [ 3.9395271280170476e+02, 0., 3.1116628265380859e+02, 0., 0.,
       3.9395271280170476e+02, 2.7145742225646973e+02, 0., 0., 0., 1.,
       0. ]
P2: !!opencv-matrix
   rows: 3
   cols: 4
   dt: d
   data: [ 3.9395271280170476e+02, 0., 3.1116628265380859e+02,
       -9.8497992917039504e+04, 0., 3.9395271280170476e+02,
       2.7145742225646973e+02, 0., 0., 0., 1., 0. ]
Q: !!opencv-matrix
   rows: 4
   cols: 4
   dt: d
   data: [ 1., 0., 0., -3.1116628265380859e+02, 0., 1., 0.,
       -2.7145742225646973e+02, 0., 0., 0., 3.9395271280170476e+02, 0.,
       0., 3.9996014247063250e-03, 0. ]
