%YAML:1.0
---
R: !!opencv-matrix
   rows: 3
   cols: 3
   dt: d
   data: [ 9.9907339071811496e-01, -2.9010351259659655e-02,
       3.1792443737466071e-02, 2.8908117873329874e-02,
       9.9957533320950098e-01, 3.6706893271882209e-03,
       -3.1885430529168778e-02, -2.7482283213428531e-03,
       9.9948775208156670e-01 ]
T: !!opencv-matrix
   rows: 3
   cols: 1
   dt: d
   data: [ -1.3966910518406266e+02, -6.3738547488485331e-01,
       -3.7906472717516295e+00 ]
R1: !!opencv-matrix
   rows: 3
   cols: 3
   dt: d
   data: [ 9.9796207231043599e-01, -2.4514055316509999e-02,
       5.8913184617702785e-02, 2.4433136540037023e-02,
       9.9969927415329840e-01, 2.0935845300173255e-03,
       -5.8946790147355363e-02, -6.4988407236046320e-04,
       9.9826091458196242e-01 ]
R2: !!opencv-matrix
   rows: 3
   cols: 3
   dt: d
   data: [ 9.9962150685414786e-01, 4.5618122061546256e-03,
       2.7129926355204254e-02, -4.5245703599020659e-03,
       9.9998873596058402e-01, -1.4339508401114585e-03,
       -2.7136162177089879e-02, 1.3106568388938601e-03,
       9.9963088731838878e-01 ]
P1: !!opencv-matrix
   rows: 3
   cols: 4
   dt: d
   data: [ -4.1399476928860262e+04, 0., 1.7467497625350952e+04, 0., 0.,
       -4.1399476928860262e+04, 6.3027095413208008e+02, 0., 0., 0., 1.,
       0. ]
P2: !!opencv-matrix
   rows: 3
   cols: 4
   dt: d
   data: [ -4.1399476928860262e+04, 0., 1.7467497625350952e+04,
       5.7844172600278305e+06, 0., -4.1399476928860262e+04,
       6.3027095413208008e+02, 0., 0., 0., 1., 0. ]
Q: !!opencv-matrix
   rows: 4
   cols: 4
   dt: d
   data: [ 1., 0., 0., -1.7467497625350952e+04, 0., 1., 0.,
       -6.3027095413208008e+02, 0., 0., 0., -4.1399476928860262e+04, 0.,
       0., 7.1570696005877491e-03, 0. ]
