%YAML:1.0
---
R: !!opencv-matrix
   rows: 3
   cols: 3
   dt: d
   data: [ 9.4922796037681134e-01, 6.3117629932847044e-02,
       3.0819221928942142e-01, -6.1676041780985701e-02,
       9.9799194885244535e-01, -1.4426915676199956e-02,
       -3.0848394627453268e-01, -5.3136444516215216e-03,
       9.5121470766254090e-01 ]
T: !!opencv-matrix
   rows: 3
   cols: 1
   dt: d
   data: [ -2.5163727638638079e+02, 9.9675218098759704e+00,
       2.9541345201673796e+01 ]
R1: !!opencv-matrix
   rows: 3
   cols: 3
   dt: d
   data: [ 9.8038963915568411e-01, 2.4026587744667927e-02,
       1.9559876921273137e-01, -2.3815422101517103e-02,
       9.9971048260293272e-01, -3.4317115173000089e-03,
       -1.9562459228408410e-01, -1.2938528352062694e-03,
       9.8067800262804239e-01 ]
R2: !!opencv-matrix
   rows: 3
   cols: 3
   dt: d
   data: [ 9.9241177759807619e-01, -3.9310098168436586e-02,
       -1.1650570744223025e-01, 3.9435464945506142e-02,
       9.9922136280236962e-01, -1.2297251347519339e-03,
       1.1646333238044679e-01, -3.3740630348532709e-03,
       9.9318926087099757e-01 ]
P1: !!opencv-matrix
   rows: 3
   cols: 4
   dt: d
   data: [ 4.0706503478994051e+02, 0., 2.6593400764465332e+02, 0., 0.,
       4.0706503478994051e+02, 2.5263562393188477e+02, 0., 0., 0., 1.,
       0. ]
P2: !!opencv-matrix
   rows: 3
   cols: 4
   dt: d
   data: [ 4.0706503478994051e+02, 0., 2.6593400764465332e+02,
       -1.0321596234436563e+05, 0., 4.0706503478994051e+02,
       2.5263562393188477e+02, 0., 0., 0., 1., 0. ]
Q: !!opencv-matrix
   rows: 4
   cols: 4
   dt: d
   data: [ 1., 0., 0., -2.6593400764465332e+02, 0., 1., 0.,
       -2.5263562393188477e+02, 0., 0., 0., 4.0706503478994051e+02, 0.,
       0., 3.9438186259585020e-03, 0. ]
