%YAML:1.0
---
M1: !!opencv-matrix
   rows: 3
   cols: 3
   dt: d
   data: [ 8.2121468684257309e+02, 0., 3.2182330872763850e+02, 0.,
       7.9826350912601401e+02, 2.5757736698799636e+02, 0., 0., 1. ]
D1: !!opencv-matrix
   rows: 1
   cols: 14
   dt: d
   data: [ -2.2814843893277412e-01, 2.6422601566512895e+00, 0., 0., 0.,
       0., 0., 7.6858887563221270e+00, 0., 0., 0., 0., 0., 0. ]
M2: !!opencv-matrix
   rows: 3
   cols: 3
   dt: d
   data: [ 8.2121468684257309e+02, 0., 3.2110494966451284e+02, 0.,
       7.9826350912601401e+02, 2.4560792505204347e+02, 0., 0., 1. ]
D2: !!opencv-matrix
   rows: 1
   cols: 14
   dt: d
   data: [ -2.6685257499287740e-01, 4.3742028479629056e+00, 0., 0., 0.,
       0., 0., 1.9776770034189902e+01, 0., 0., 0., 0., 0., 0. ]
