%YAML:1.0
---
M1: !!opencv-matrix
   rows: 3
   cols: 3
   dt: d
   data: [ 8.5677592998395971e+02, 0., 3.2233238056272444e+02, 0.,
       8.4193072711781610e+02, 2.4478730198552859e+02, 0., 0., 1. ]
D1: !!opencv-matrix
   rows: 1
   cols: 14
   dt: d
   data: [ -1.0456994086673632e-01, 1.9998121386659795e+00, 0., 0., 0.,
       0., 0., 5.8700616282489211e+00, 0., 0., 0., 0., 0., 0. ]
M2: !!opencv-matrix
   rows: 3
   cols: 3
   dt: d
   data: [ 8.5677592998395971e+02, 0., 3.1570318872007959e+02, 0.,
       8.4193072711781610e+02, 2.4177532824474770e+02, 0., 0., 1. ]
D2: !!opencv-matrix
   rows: 1
   cols: 14
   dt: d
   data: [ -2.4751253386430272e-01, 5.2661697520001116e+00, 0., 0., 0.,
       0., 0., 2.7303080354121100e+01, 0., 0., 0., 0., 0., 0. ]
