%YAML:1.0
---
M1: !!opencv-matrix
   rows: 3
   cols: 3
   dt: d
   data: [ 9.3337560020450553e+02, 0., 3.1972201418530955e+02, 0.,
       9.3132218078739129e+02, 2.4193999018061118e+02, 0., 0., 1. ]
D1: !!opencv-matrix
   rows: 1
   cols: 14
   dt: d
   data: [ 1.9760400204619603e-03, 1.2298749924211849e+00, 0., 0., 0.,
       0., 0., 3.4367172286997877e-01, 0., 0., 0., 0., 0., 0. ]
M2: !!opencv-matrix
   rows: 3
   cols: 3
   dt: d
   data: [ 9.3337560020450553e+02, 0., 3.1917834275204814e+02, 0.,
       9.3132218078739129e+02, 2.3194803363854200e+02, 0., 0., 1. ]
D2: !!opencv-matrix
   rows: 1
   cols: 14
   dt: d
   data: [ -3.5693196812203531e-01, 2.3630017790471538e+01, 0., 0., 0.,
       0., 0., 3.2640912416576759e+02, 0., 0., 0., 0., 0., 0. ]
