%YAML:1.0
---
M1: !!opencv-matrix
   rows: 3
   cols: 3
   dt: d
   data: [ 8.1705788949540533e+02, 0., 3.2101899748010663e+02, 0.,
       7.8593137257704223e+02, 2.6827230993318017e+02, 0., 0., 1. ]
D1: !!opencv-matrix
   rows: 1
   cols: 14
   dt: d
   data: [ -3.2811801693999731e-01, 3.4915903596077009e+00, 0., 0., 0.,
       0., 0., 1.0393666039929338e+01, 0., 0., 0., 0., 0., 0. ]
M2: !!opencv-matrix
   rows: 3
   cols: 3
   dt: d
   data: [ 8.1705788949540533e+02, 0., 3.2089964421175733e+02, 0.,
       7.8593137257704223e+02, 2.5077190686230813e+02, 0., 0., 1. ]
D2: !!opencv-matrix
   rows: 1
   cols: 14
   dt: d
   data: [ -5.4967583363216110e-01, 8.7943661410385765e+00, 0., 0., 0.,
       0., 0., 4.2695184458730175e+01, 0., 0., 0., 0., 0., 0. ]
