<?xml version="1.0"?>
<opencv_storage>
<calibration_time>"2021年09月06日 (週一) 15時06分57秒"</calibration_time>
<nr_of_frames>19</nr_of_frames>
<image_width>1280</image_width>
<image_height>720</image_height>
<board_width>9</board_width>
<board_height>6</board_height>
<square_size>27.</square_size>
<fix_aspect_ratio>1.</fix_aspect_ratio>
<!-- flags: +fix_aspectRatio +fix_principal_point +zero_tangent_dist +fix_k4 +fix_k5 -->
<flags>6158</flags>
<fisheye_model>0</fisheye_model>
<camera_matrix type_id="opencv-matrix">
  <rows>3</rows>
  <cols>3</cols>
  <dt>d</dt>
  <data>
    1.4568075579014301e+03 0. 6.3950000000000000e+02 0.
    1.4568075579014301e+03 3.5950000000000000e+02 0. 0. 1.</data></camera_matrix>
<distortion_coefficients type_id="opencv-matrix">
  <rows>5</rows>
  <cols>1</cols>
  <dt>d</dt>
  <data>
    1.1006240650191483e-02 2.7980055282186039e-01 0. 0.
    4.4552220116108971e+00</data></distortion_coefficients>
<avg_reprojection_error>9.8238048970356351e-01</avg_reprojection_error>
<per_view_reprojection_errors type_id="opencv-matrix">
  <rows>19</rows>
  <cols>1</cols>
  <dt>f</dt>
  <data>
    1.42026949e+00 4.51896966e-01 3.70902032e-01 3.27326864e-01
    5.43515205e-01 6.92359746e-01 9.65164900e-01 1.01919150e+00
    6.62903607e-01 9.76570785e-01 1.24387813e+00 4.72303718e-01
    4.83130395e-01 5.43636382e-01 7.32693553e-01 6.67417109e-01
    2.15498471e+00 9.42915916e-01 1.70806277e+00</data></per_view_reprojection_errors>
<!-- a set of 6-tuples (rotation vector + translation vector) for each view -->
<extrinsic_parameters type_id="opencv-matrix">
  <rows>19</rows>
  <cols>6</cols>
  <dt>d</dt>
  <data>
    -1.6070392485839260e-01 -1.1694088753204894e+00
    -2.8778963377487510e+00 7.2899805664171211e+01
    5.2795434994590160e+01 4.9464490330612034e+02 8.1052786898879639e-02
    1.0906333229223314e-01 7.2412308036694328e-01 7.2374785512318653e+01
    -1.1320507389462367e+02 7.9862342129497688e+02
    1.1453369841550150e-01 5.3584945289277763e-02 2.4210727320895514e-01
    -1.3865208665817156e+02 -8.6273975675018448e+01
    7.0689212415113991e+02 5.6463685433366835e-02 7.4465845394887598e-02
    -2.2987140518415019e-02 -1.2786579246885373e+02
    -8.0892114068273443e+01 8.4365118493799309e+02
    2.2523405642765532e-01 2.3136626087972654e-02 7.6249346462855638e-02
    -1.9274345542144252e+02 -4.9221187013744071e+01
    6.5706808463408709e+02 4.4929920759611434e-02 2.7621693577262951e-01
    2.4845762934670934e-01 -2.2612489369762545e+00
    -8.6468451850068277e+01 6.9746290071402132e+02
    1.6836679987429867e-01 2.1045656176818370e-01 1.1721484105068176e-01
    -8.9144940365813440e+01 -7.4345817962709887e+01
    4.8701470388610608e+02 1.8722293838954385e-01 6.4810583823133605e-01
    -2.5754282781006173e-02 -6.7419555391145934e+01
    -6.9399441577434942e+01 7.3446424568703696e+02
    1.0496575573041980e-01 -4.2902507408897606e-01
    -7.3679950310276840e-02 -1.1101937589085536e+02
    -4.2101121434810871e+01 6.9893523265461704e+02
    -6.7698929598925806e-01 2.2184765989175900e-02
    -1.3968090632206531e-02 -1.4071515364040110e+02
    -2.5019202843989090e+00 7.7611517805846211e+02
    7.3608760951128582e-01 1.1268816299288389e-01
    -2.2285904582369682e-02 -1.1639124411788485e+02
    -5.5610962603152487e+01 6.0153591062245789e+02
    9.9368930411905795e-02 2.0468026802492906e-01
    -6.6212079275018570e-02 -2.8577222257583975e+02
    2.0170616220408082e+01 1.0207677622139018e+03 1.7254137803953679e-01
    2.1888158857791226e-01 1.1547559322223525e-02 6.0024623037636950e+01
    -1.4329716732945519e+02 9.8332928800996058e+02
    -5.1635356276240241e-01 -1.4633951182942190e-01
    -2.5460431663896455e-01 -9.6382771122823655e+01
    -7.6353616850952069e+00 1.1215196064462050e+03
    6.7046126719470722e-01 2.6394228763160016e-01
    -2.4046422769749332e-01 -2.5497726723931819e+01
    -5.6311877771872688e+01 1.0092038319539715e+03
    -2.1323101820104551e-01 6.8518473718049799e-01
    4.1609731943512740e-01 1.0405531147124158e+02
    -8.9331078676276377e+01 1.0698669309657676e+03
    -7.1159757721393335e-01 6.5586618139019692e-01
    6.1264829016054283e-02 -1.1122492969240061e+02
    -3.3695878897280544e+01 5.9118975416759542e+02
    -6.0924434707168651e-01 -5.8762506021234000e-02
    2.2972768186048589e-01 -1.3464928229773673e+02
    -7.7228810792763028e+01 7.0140848046761585e+02
    -3.4233560264649471e-01 6.4690611985725988e-01
    -2.7257044881575360e-01 -1.2903478337548864e+02
    -2.0418525499782952e+01 6.7759940778336909e+02</data></extrinsic_parameters>
