<?xml version="1.0"?>
<opencv_storage>
<images>
  img/calibration/WIN_20210810_09_40_14_Pro.jpg
  img/calibration/WIN_20210813_14_29_20_Pro.jpg
  img/calibration/WIN_20210813_14_30_51_Pro.jpg
  img/calibration/WIN_20210813_14_31_02_Pro.jpg
  img/calibration/WIN_20210813_14_35_12_Pro.jpg
  img/calibration/WIN_20210813_14_35_15_Pro.jpg
  img/calibration/WIN_20210813_14_47_31_Pro.jpg
  img/calibration/WIN_20210813_15_21_41_Pro.jpg
  img/calibration/WIN_20210813_15_21_47_Pro.jpg
  img/calibration/WIN_20210813_15_21_50_Pro.jpg
  img/calibration/WIN_20210813_15_21_54_Pro.jpg
  img/calibration/WIN_20210813_15_22_03_Pro.jpg
  img/calibration/WIN_20210813_15_22_09_Pro.jpg
  img/calibration/WIN_20210813_15_22_14_Pro.jpg
  img/calibration/WIN_20210813_15_22_22_Pro.jpg
  img/calibration/WIN_20210813_15_22_27_Pro.jpg
  img/calibration/WIN_20210813_17_09_53_Pro.jpg
  img/calibration/WIN_20210813_17_10_29_Pro.jpg
  img/calibration/WIN_20210813_17_10_49_Pro.jpg</images>
</opencv_storage>
