camera_matrix:
- - 1475.0192328995627
  - 0.0
  - 547.7048941764843
- - 0.0
  - 1468.7570610480684
  - 400.575759218943
- - 0.0
  - 0.0
  - 1.0
dist_coeff:
- - 0.10244017561764795
  - 0.16390470435037408
  - -0.0018741981720879588
  - -0.02595653662016202
  - -0.5608803772703215
